id,values,prev_values,next_values,sensor_day,time_on_day,day_of_week,id,categorical_id,hours_from_start,categorical_day_of_week,categorical_time_on_day
0,0.01933333333333333,0.02093333333333333,0.0202,0,1,4,400000,400000,1.0,4,1
1,0.0202,0.01933333333333333,0.02245,0,2,4,400000,400000,2.0,4,2
2,0.02245,0.0202,0.02928333333333333,0,3,4,400000,400000,3.0,4,3
3,0.02928333333333333,0.02245,0.055483333333333336,0,4,4,400000,400000,4.0,4,4
4,0.055483333333333336,0.02928333333333333,0.07393333333333334,0,5,4,400000,400000,5.0,4,5
5,0.07393333333333334,0.055483333333333336,0.05706666666666666,0,6,4,400000,400000,6.0,4,6
6,0.05706666666666666,0.07393333333333334,0.05938333333333334,0,7,4,400000,400000,7.0,4,7
7,0.05938333333333334,0.05706666666666666,0.06405000000000001,0,8,4,400000,400000,8.0,4,8
8,0.06405000000000001,0.05938333333333334,0.06903333333333334,0,9,4,400000,400000,9.0,4,9
9,0.06903333333333334,0.06405000000000001,0.06643333333333334,0,10,4,400000,400000,10.0,4,10
10,0.06643333333333334,0.06903333333333334,0.06698333333333334,0,11,4,400000,400000,11.0,4,11
11,0.06698333333333334,0.06643333333333334,0.06893333333333333,0,12,4,400000,400000,12.0,4,12
12,0.06893333333333333,0.06698333333333334,0.06746666666666666,0,13,4,400000,400000,13.0,4,13
13,0.06746666666666666,0.06893333333333333,0.06396666666666667,0,14,4,400000,400000,14.0,4,14
14,0.06396666666666667,0.06746666666666666,0.061283333333333335,0,15,4,400000,400000,15.0,4,15
15,0.061283333333333335,0.06396666666666667,0.06620000000000001,0,16,4,400000,400000,16.0,4,16
16,0.06620000000000001,0.061283333333333335,0.056433333333333335,0,17,4,400000,400000,17.0,4,17
17,0.056433333333333335,0.06620000000000001,0.04535,0,18,4,400000,400000,18.0,4,18
18,0.04535,0.056433333333333335,0.038983333333333335,0,19,4,400000,400000,19.0,4,19
19,0.038983333333333335,0.04535,0.036283333333333334,0,20,4,400000,400000,20.0,4,20
20,0.036283333333333334,0.038983333333333335,0.03155,0,21,4,400000,400000,21.0,4,21
21,0.03155,0.036283333333333334,0.02493333333333333,0,22,4,400000,400000,22.0,4,22
22,0.02493333333333333,0.03155,0.02316666666666667,0,23,4,400000,400000,23.0,4,23
23,0.02316666666666667,0.02493333333333333,0.021366666666666662,1,0,5,400000,400000,24.0,5,0
24,0.021366666666666662,0.02316666666666667,0.02345,1,1,5,400000,400000,25.0,5,1
25,0.02345,0.021366666666666662,0.024533333333333334,1,2,5,400000,400000,26.0,5,2
26,0.024533333333333334,0.02345,0.0302,1,3,5,400000,400000,27.0,5,3
27,0.0302,0.024533333333333334,0.051800000000000006,1,4,5,400000,400000,28.0,5,4
28,0.051800000000000006,0.0302,0.07403333333333333,1,5,5,400000,400000,29.0,5,5
29,0.07403333333333333,0.051800000000000006,0.06018333333333333,1,6,5,400000,400000,30.0,5,6
30,0.06018333333333333,0.07403333333333333,0.06285,1,7,5,400000,400000,31.0,5,7
31,0.06285,0.06018333333333333,0.06995,1,8,5,400000,400000,32.0,5,8
32,0.06995,0.06285,0.07096666666666668,1,9,5,400000,400000,33.0,5,9
33,0.07096666666666668,0.06995,0.07245,1,10,5,400000,400000,34.0,5,10
34,0.07245,0.07096666666666668,0.07256666666666667,1,11,5,400000,400000,35.0,5,11
35,0.07256666666666667,0.07245,0.06966666666666667,1,12,5,400000,400000,36.0,5,12
36,0.06966666666666667,0.07256666666666667,0.06976666666666667,1,13,5,400000,400000,37.0,5,13
37,0.06976666666666667,0.06966666666666667,0.06626666666666667,1,14,5,400000,400000,38.0,5,14
38,0.06626666666666667,0.06976666666666667,0.06026666666666666,1,15,5,400000,400000,39.0,5,15
39,0.06026666666666666,0.06626666666666667,0.05916666666666667,1,16,5,400000,400000,40.0,5,16
40,0.05916666666666667,0.06026666666666666,0.0551,1,17,5,400000,400000,41.0,5,17
41,0.0551,0.05916666666666667,0.043583333333333335,1,18,5,400000,400000,42.0,5,18
42,0.043583333333333335,0.0551,0.03593333333333334,1,19,5,400000,400000,43.0,5,19
43,0.03593333333333334,0.043583333333333335,0.033916666666666664,1,20,5,400000,400000,44.0,5,20
44,0.033916666666666664,0.03593333333333334,0.028916666666666663,1,21,5,400000,400000,45.0,5,21
45,0.028916666666666663,0.033916666666666664,0.024983333333333333,1,22,5,400000,400000,46.0,5,22
46,0.024983333333333333,0.028916666666666663,0.023500000000000004,1,23,5,400000,400000,47.0,5,23
47,0.023500000000000004,0.024983333333333333,0.0233,2,0,6,400000,400000,48.0,6,0
48,0.0233,0.023500000000000004,0.02206666666666667,2,1,6,400000,400000,49.0,6,1
49,0.02206666666666667,0.0233,0.025716666666666665,2,2,6,400000,400000,50.0,6,2
50,0.025716666666666665,0.02206666666666667,0.03145,2,3,6,400000,400000,51.0,6,3
51,0.03145,0.025716666666666665,0.052,2,4,6,400000,400000,52.0,6,4
52,0.052,0.03145,0.06301666666666667,2,5,6,400000,400000,53.0,6,5
53,0.06301666666666667,0.052,0.0524,2,6,6,400000,400000,54.0,6,6
54,0.0524,0.06301666666666667,0.0722,2,7,6,400000,400000,55.0,6,7
55,0.0722,0.0524,0.058166666666666665,2,8,6,400000,400000,56.0,6,8
56,0.058166666666666665,0.0722,0.039683333333333334,2,9,6,400000,400000,57.0,6,9
57,0.039683333333333334,0.058166666666666665,0.044550000000000006,2,10,6,400000,400000,58.0,6,10
58,0.044550000000000006,0.039683333333333334,0.04231666666666667,2,11,6,400000,400000,59.0,6,11
59,0.04231666666666667,0.044550000000000006,0.043383333333333336,2,12,6,400000,400000,60.0,6,12
60,0.043383333333333336,0.04231666666666667,0.04253333333333333,2,13,6,400000,400000,61.0,6,13
61,0.04253333333333333,0.043383333333333336,0.043783333333333334,2,14,6,400000,400000,62.0,6,14
62,0.043783333333333334,0.04253333333333333,0.049999999999999996,2,15,6,400000,400000,63.0,6,15
63,0.049999999999999996,0.043783333333333334,0.05018333333333333,2,16,6,400000,400000,64.0,6,16
64,0.05018333333333333,0.049999999999999996,0.04626666666666667,2,17,6,400000,400000,65.0,6,17
65,0.04626666666666667,0.05018333333333333,0.039766666666666665,2,18,6,400000,400000,66.0,6,18
66,0.039766666666666665,0.04626666666666667,0.03543333333333333,2,19,6,400000,400000,67.0,6,19
67,0.03543333333333333,0.039766666666666665,0.033,2,20,6,400000,400000,68.0,6,20
68,0.033,0.03543333333333333,0.028249999999999997,2,21,6,400000,400000,69.0,6,21
69,0.028249999999999997,0.033,0.023883333333333336,2,22,6,400000,400000,70.0,6,22
70,0.023883333333333336,0.028249999999999997,0.020066666666666667,2,23,6,400000,400000,71.0,6,23
71,0.020066666666666667,0.023883333333333336,0.021183333333333332,3,0,7,400000,400000,72.0,7,0
72,0.021183333333333332,0.020066666666666667,0.020566666666666667,3,1,7,400000,400000,73.0,7,1
73,0.020566666666666667,0.021183333333333332,0.02055,3,2,7,400000,400000,74.0,7,2
74,0.02055,0.020566666666666667,0.022616666666666663,3,3,7,400000,400000,75.0,7,3
75,0.022616666666666663,0.02055,0.028233333333333336,3,4,7,400000,400000,76.0,7,4
76,0.028233333333333336,0.022616666666666663,0.03376666666666666,3,5,7,400000,400000,77.0,7,5
77,0.03376666666666666,0.028233333333333336,0.036116666666666665,3,6,7,400000,400000,78.0,7,6
78,0.036116666666666665,0.03376666666666666,0.04585,3,7,7,400000,400000,79.0,7,7
79,0.04585,0.036116666666666665,0.054266666666666664,3,8,7,400000,400000,80.0,7,8
80,0.054266666666666664,0.04585,0.06356666666666667,3,9,7,400000,400000,81.0,7,9
81,0.06356666666666667,0.054266666666666664,0.0666,3,10,7,400000,400000,82.0,7,10
82,0.0666,0.06356666666666667,0.060066666666666664,3,11,7,400000,400000,83.0,7,11
83,0.060066666666666664,0.0666,0.06451666666666667,3,12,7,400000,400000,84.0,7,12
84,0.06451666666666667,0.060066666666666664,0.05915,3,13,7,400000,400000,85.0,7,13
85,0.05915,0.06451666666666667,0.06091666666666667,3,14,7,400000,400000,86.0,7,14
86,0.06091666666666667,0.05915,0.06038333333333334,3,15,7,400000,400000,87.0,7,15
87,0.06038333333333334,0.06091666666666667,0.05491666666666667,3,16,7,400000,400000,88.0,7,16
88,0.05491666666666667,0.06038333333333334,0.050649999999999994,3,17,7,400000,400000,89.0,7,17
89,0.050649999999999994,0.05491666666666667,0.04338333333333333,3,18,7,400000,400000,90.0,7,18
90,0.04338333333333333,0.050649999999999994,0.03793333333333333,3,19,7,400000,400000,91.0,7,19
91,0.03793333333333333,0.04338333333333333,0.036083333333333335,3,20,7,400000,400000,92.0,7,20
92,0.036083333333333335,0.03793333333333333,0.03385,3,21,7,400000,400000,93.0,7,21
93,0.03385,0.036083333333333335,0.02645,3,22,7,400000,400000,94.0,7,22
94,0.02645,0.03385,0.023216666666666667,3,23,7,400000,400000,95.0,7,23
95,0.023216666666666667,0.02645,0.02008333333333333,4,0,1,400000,400000,96.0,1,0
96,0.02008333333333333,0.023216666666666667,0.01895,4,1,1,400000,400000,97.0,1,1
97,0.01895,0.02008333333333333,0.019266666666666665,4,2,1,400000,400000,98.0,1,2
98,0.019266666666666665,0.01895,0.020599999999999997,4,3,1,400000,400000,99.0,1,3
99,0.020599999999999997,0.019266666666666665,0.02351666666666667,4,4,1,400000,400000,100.0,1,4
100,0.02351666666666667,0.020599999999999997,0.029833333333333333,4,5,1,400000,400000,101.0,1,5
101,0.029833333333333333,0.02351666666666667,0.027950000000000003,4,6,1,400000,400000,102.0,1,6
102,0.027950000000000003,0.029833333333333333,0.03651666666666667,4,7,1,400000,400000,103.0,1,7
103,0.03651666666666667,0.027950000000000003,0.04541666666666666,4,8,1,400000,400000,104.0,1,8
104,0.04541666666666666,0.03651666666666667,0.05253333333333334,4,9,1,400000,400000,105.0,1,9
105,0.05253333333333334,0.04541666666666666,0.055066666666666673,4,10,1,400000,400000,106.0,1,10
106,0.055066666666666673,0.05253333333333334,0.06381666666666666,4,11,1,400000,400000,107.0,1,11
107,0.06381666666666666,0.055066666666666673,0.06416666666666666,4,12,1,400000,400000,108.0,1,12
108,0.06416666666666666,0.06381666666666666,0.06018333333333334,4,13,1,400000,400000,109.0,1,13
109,0.06018333333333334,0.06416666666666666,0.062000000000000006,4,14,1,400000,400000,110.0,1,14
110,0.062000000000000006,0.06018333333333334,0.05963333333333334,4,15,1,400000,400000,111.0,1,15
111,0.05963333333333334,0.062000000000000006,0.058033333333333326,4,16,1,400000,400000,112.0,1,16
112,0.058033333333333326,0.05963333333333334,0.052700000000000004,4,17,1,400000,400000,113.0,1,17
113,0.052700000000000004,0.058033333333333326,0.044333333333333336,4,18,1,400000,400000,114.0,1,18
114,0.044333333333333336,0.052700000000000004,0.03756666666666667,4,19,1,400000,400000,115.0,1,19
115,0.03756666666666667,0.044333333333333336,0.03345,4,20,1,400000,400000,116.0,1,20
116,0.03345,0.03756666666666667,0.030116666666666667,4,21,1,400000,400000,117.0,1,21
117,0.030116666666666667,0.03345,0.023933333333333334,4,22,1,400000,400000,118.0,1,22
118,0.023933333333333334,0.030116666666666667,0.022249999999999995,4,23,1,400000,400000,119.0,1,23
119,0.022249999999999995,0.023933333333333334,0.021316666666666664,5,0,2,400000,400000,120.0,2,0
120,0.021316666666666664,0.022249999999999995,0.021183333333333335,5,1,2,400000,400000,121.0,2,1
121,0.021183333333333335,0.021316666666666664,0.023750000000000004,5,2,2,400000,400000,122.0,2,2
122,0.023750000000000004,0.021183333333333335,0.02891666666666667,5,3,2,400000,400000,123.0,2,3
123,0.02891666666666667,0.023750000000000004,0.05858333333333333,5,4,2,400000,400000,124.0,2,4
124,0.05858333333333333,0.02891666666666667,0.16153333333333333,5,5,2,400000,400000,125.0,2,5
125,0.16153333333333333,0.05858333333333333,0.06093333333333334,5,6,2,400000,400000,126.0,2,6
126,0.06093333333333334,0.16153333333333333,0.06788333333333334,5,7,2,400000,400000,127.0,2,7
127,0.06788333333333334,0.06093333333333334,0.06523333333333334,5,8,2,400000,400000,128.0,2,8
128,0.06523333333333334,0.06788333333333334,0.06465,5,9,2,400000,400000,129.0,2,9
129,0.06465,0.06523333333333334,0.06506666666666666,5,10,2,400000,400000,130.0,2,10
130,0.06506666666666666,0.06465,0.06698333333333334,5,11,2,400000,400000,131.0,2,11
131,0.06698333333333334,0.06506666666666666,0.06735000000000001,5,12,2,400000,400000,132.0,2,12
132,0.06735000000000001,0.06698333333333334,0.06616666666666667,5,13,2,400000,400000,133.0,2,13
133,0.06616666666666667,0.06735000000000001,0.06633333333333333,5,14,2,400000,400000,134.0,2,14
134,0.06633333333333333,0.06616666666666667,0.0641,5,15,2,400000,400000,135.0,2,15
135,0.0641,0.06633333333333333,0.06558333333333333,5,16,2,400000,400000,136.0,2,16
136,0.06558333333333333,0.0641,0.056299999999999996,5,17,2,400000,400000,137.0,2,17
137,0.056299999999999996,0.06558333333333333,0.04595,5,18,2,400000,400000,138.0,2,18
138,0.04595,0.056299999999999996,0.03666666666666666,5,19,2,400000,400000,139.0,2,19
139,0.03666666666666666,0.04595,0.03345,5,20,2,400000,400000,140.0,2,20
140,0.03345,0.03666666666666666,0.02625,5,21,2,400000,400000,141.0,2,21
141,0.02625,0.03345,0.024933333333333335,5,22,2,400000,400000,142.0,2,22
142,0.024933333333333335,0.02625,0.022866666666666664,5,23,2,400000,400000,143.0,2,23
143,0.022866666666666664,0.024933333333333335,0.02255,6,0,3,400000,400000,144.0,3,0
144,0.02255,0.022866666666666664,0.021433333333333332,6,1,3,400000,400000,145.0,3,1
145,0.021433333333333332,0.02255,0.02463333333333333,6,2,3,400000,400000,146.0,3,2
146,0.02463333333333333,0.021433333333333332,0.030583333333333334,6,3,3,400000,400000,147.0,3,3
147,0.030583333333333334,0.02463333333333333,0.05793333333333333,6,4,3,400000,400000,148.0,3,4
148,0.05793333333333333,0.030583333333333334,0.1308,6,5,3,400000,400000,149.0,3,5
149,0.1308,0.05793333333333333,0.0584,6,6,3,400000,400000,150.0,3,6
150,0.0584,0.1308,0.06281666666666667,6,7,3,400000,400000,151.0,3,7
151,0.06281666666666667,0.0584,0.06786666666666667,6,8,3,400000,400000,152.0,3,8
152,0.06786666666666667,0.06281666666666667,0.0679,6,9,3,400000,400000,153.0,3,9
153,0.0679,0.06786666666666667,0.06355,6,10,3,400000,400000,154.0,3,10
154,0.06355,0.0679,0.06820000000000001,6,11,3,400000,400000,155.0,3,11
155,0.06820000000000001,0.06355,0.06546666666666666,6,12,3,400000,400000,156.0,3,12
156,0.06546666666666666,0.06820000000000001,0.0651,6,13,3,400000,400000,157.0,3,13
157,0.0651,0.06546666666666666,0.062200000000000005,6,14,3,400000,400000,158.0,3,14
158,0.062200000000000005,0.0651,0.0587,6,15,3,400000,400000,159.0,3,15
159,0.0587,0.062200000000000005,0.06085000000000001,6,16,3,400000,400000,160.0,3,16
160,0.06085000000000001,0.0587,0.05216666666666667,6,17,3,400000,400000,161.0,3,17
161,0.05216666666666667,0.06085000000000001,0.042866666666666664,6,18,3,400000,400000,162.0,3,18
162,0.042866666666666664,0.05216666666666667,0.03593333333333334,6,19,3,400000,400000,163.0,3,19
163,0.03593333333333334,0.042866666666666664,0.03423333333333334,6,20,3,400000,400000,164.0,3,20
164,0.03423333333333334,0.03593333333333334,0.029183333333333335,6,21,3,400000,400000,165.0,3,21
165,0.029183333333333335,0.03423333333333334,0.024033333333333334,6,22,3,400000,400000,166.0,3,22
166,0.024033333333333334,0.029183333333333335,0.02148333333333333,6,23,3,400000,400000,167.0,3,23
167,0.02148333333333333,0.024033333333333334,0.020533333333333334,7,0,4,400000,400000,168.0,4,0
168,0.020533333333333334,0.02148333333333333,0.0205,7,1,4,400000,400000,169.0,4,1
169,0.0205,0.020533333333333334,0.023116666666666664,7,2,4,400000,400000,170.0,4,2
170,0.023116666666666664,0.0205,0.030466666666666666,7,3,4,400000,400000,171.0,4,3
171,0.030466666666666666,0.023116666666666664,0.05534999999999999,7,4,4,400000,400000,172.0,4,4
172,0.05534999999999999,0.030466666666666666,0.11175,7,5,4,400000,400000,173.0,4,5
173,0.11175,0.05534999999999999,0.06096666666666667,7,6,4,400000,400000,174.0,4,6
174,0.06096666666666667,0.11175,0.06598333333333334,7,7,4,400000,400000,175.0,4,7
175,0.06598333333333334,0.06096666666666667,0.06553333333333333,7,8,4,400000,400000,176.0,4,8
176,0.06553333333333333,0.06598333333333334,0.06606666666666666,7,9,4,400000,400000,177.0,4,9
177,0.06606666666666666,0.06553333333333333,0.06728333333333333,7,10,4,400000,400000,178.0,4,10
178,0.06728333333333333,0.06606666666666666,0.06813333333333334,7,11,4,400000,400000,179.0,4,11
179,0.06813333333333334,0.06728333333333333,0.06618333333333333,7,12,4,400000,400000,180.0,4,12
180,0.06618333333333333,0.06813333333333334,0.06351666666666667,7,13,4,400000,400000,181.0,4,13
181,0.06351666666666667,0.06618333333333333,0.062150000000000004,7,14,4,400000,400000,182.0,4,14
182,0.062150000000000004,0.06351666666666667,0.07383333333333333,7,15,4,400000,400000,183.0,4,15
183,0.07383333333333333,0.062150000000000004,0.09910000000000001,7,16,4,400000,400000,184.0,4,16
184,0.09910000000000001,0.07383333333333333,0.08360000000000001,7,17,4,400000,400000,185.0,4,17
185,0.08360000000000001,0.09910000000000001,0.06338333333333333,7,18,4,400000,400000,186.0,4,18
186,0.06338333333333333,0.08360000000000001,0.04961666666666667,7,19,4,400000,400000,187.0,4,19
187,0.04961666666666667,0.06338333333333333,0.044366666666666665,7,20,4,400000,400000,188.0,4,20
188,0.044366666666666665,0.04961666666666667,0.0332,7,21,4,400000,400000,189.0,4,21
189,0.0332,0.044366666666666665,0.02165,7,22,4,400000,400000,190.0,4,22
190,0.02165,0.0332,0.012566666666666665,7,23,4,400000,400000,191.0,4,23
191,0.012566666666666665,0.02165,0.008833333333333334,8,0,5,400000,400000,192.0,5,0
192,0.008833333333333334,0.012566666666666665,0.007899999999999999,8,1,5,400000,400000,193.0,5,1
193,0.007899999999999999,0.008833333333333334,0.008966666666666666,8,2,5,400000,400000,194.0,5,2
194,0.008966666666666666,0.007899999999999999,0.015516666666666665,8,3,5,400000,400000,195.0,5,3
195,0.015516666666666665,0.008966666666666666,0.03543333333333334,8,4,5,400000,400000,196.0,5,4
196,0.03543333333333334,0.015516666666666665,0.07253333333333332,8,5,5,400000,400000,197.0,5,5
197,0.07253333333333332,0.03543333333333334,0.10223333333333333,8,6,5,400000,400000,198.0,5,6
198,0.10223333333333333,0.07253333333333332,0.10389999999999999,8,7,5,400000,400000,199.0,5,7
199,0.10389999999999999,0.10223333333333333,0.08403333333333333,8,8,5,400000,400000,200.0,5,8
200,0.08403333333333333,0.10389999999999999,0.07366666666666667,8,9,5,400000,400000,201.0,5,9
201,0.07366666666666667,0.08403333333333333,0.06715,8,10,5,400000,400000,202.0,5,10
202,0.06715,0.07366666666666667,0.06558333333333334,8,11,5,400000,400000,203.0,5,11
203,0.06558333333333334,0.06715,0.06695,8,12,5,400000,400000,204.0,5,12
204,0.06695,0.06558333333333334,0.06928333333333334,8,13,5,400000,400000,205.0,5,13
205,0.06928333333333334,0.06695,0.06556666666666666,8,14,5,400000,400000,206.0,5,14
206,0.06556666666666666,0.06928333333333334,0.06331666666666667,8,15,5,400000,400000,207.0,5,15
207,0.06331666666666667,0.06556666666666666,0.06496666666666666,8,16,5,400000,400000,208.0,5,16
208,0.06496666666666666,0.06331666666666667,0.055233333333333336,8,17,5,400000,400000,209.0,5,17
209,0.055233333333333336,0.06496666666666666,0.0461,8,18,5,400000,400000,210.0,5,18
210,0.0461,0.055233333333333336,0.03861666666666667,8,19,5,400000,400000,211.0,5,19
211,0.03861666666666667,0.0461,0.0358,8,20,5,400000,400000,212.0,5,20
212,0.0358,0.03861666666666667,0.02915,8,21,5,400000,400000,213.0,5,21
213,0.02915,0.0358,0.025183333333333335,8,22,5,400000,400000,214.0,5,22
214,0.025183333333333335,0.02915,0.02061666666666667,8,23,5,400000,400000,215.0,5,23
215,0.02061666666666667,0.025183333333333335,0.02075,9,0,6,400000,400000,216.0,6,0
216,0.02075,0.02061666666666667,0.021,9,1,6,400000,400000,217.0,6,1
217,0.021,0.02075,0.023466666666666667,9,2,6,400000,400000,218.0,6,2
218,0.023466666666666667,0.021,0.029716666666666666,9,3,6,400000,400000,219.0,6,3
219,0.029716666666666666,0.023466666666666667,0.056516666666666666,9,4,6,400000,400000,220.0,6,4
220,0.056516666666666666,0.029716666666666666,0.07503333333333334,9,5,6,400000,400000,221.0,6,5
221,0.07503333333333334,0.056516666666666666,0.06283333333333334,9,6,6,400000,400000,222.0,6,6
222,0.06283333333333334,0.07503333333333334,0.06753333333333333,9,7,6,400000,400000,223.0,6,7
223,0.06753333333333333,0.06283333333333334,0.06611666666666666,9,8,6,400000,400000,224.0,6,8
224,0.06611666666666666,0.06753333333333333,0.0651,9,9,6,400000,400000,225.0,6,9
225,0.0651,0.06611666666666666,0.06703333333333332,9,10,6,400000,400000,226.0,6,10
226,0.06703333333333332,0.0651,0.07033333333333334,9,11,6,400000,400000,227.0,6,11
227,0.07033333333333334,0.06703333333333332,0.069,9,12,6,400000,400000,228.0,6,12
228,0.069,0.07033333333333334,0.06885,9,13,6,400000,400000,229.0,6,13
229,0.06885,0.069,0.06586666666666667,9,14,6,400000,400000,230.0,6,14
230,0.06586666666666667,0.06885,0.067,9,15,6,400000,400000,231.0,6,15
231,0.067,0.06586666666666667,0.0669,9,16,6,400000,400000,232.0,6,16
232,0.0669,0.067,0.06135000000000001,9,17,6,400000,400000,233.0,6,17
233,0.06135000000000001,0.0669,0.05045,9,18,6,400000,400000,234.0,6,18
234,0.05045,0.06135000000000001,0.04103333333333333,9,19,6,400000,400000,235.0,6,19
235,0.04103333333333333,0.05045,0.03648333333333333,9,20,6,400000,400000,236.0,6,20
236,0.03648333333333333,0.04103333333333333,0.03333333333333333,9,21,6,400000,400000,237.0,6,21
237,0.03333333333333333,0.03648333333333333,0.027566666666666666,9,22,6,400000,400000,238.0,6,22
238,0.027566666666666666,0.03333333333333333,0.024316666666666667,9,23,6,400000,400000,239.0,6,23
239,0.024316666666666667,0.027566666666666666,0.02255,10,0,7,400000,400000,240.0,7,0
240,0.02255,0.024316666666666667,0.021466666666666665,10,1,7,400000,400000,241.0,7,1
241,0.021466666666666665,0.02255,0.0214,10,2,7,400000,400000,242.0,7,2
242,0.0214,0.021466666666666665,0.023116666666666664,10,3,7,400000,400000,243.0,7,3
243,0.023116666666666664,0.0214,0.029533333333333328,10,4,7,400000,400000,244.0,7,4
244,0.029533333333333328,0.023116666666666664,0.03608333333333333,10,5,7,400000,400000,245.0,7,5
245,0.03608333333333333,0.029533333333333328,0.040016666666666666,10,6,7,400000,400000,246.0,7,6
246,0.040016666666666666,0.03608333333333333,0.050850000000000006,10,7,7,400000,400000,247.0,7,7
247,0.050850000000000006,0.040016666666666666,0.05851666666666666,10,8,7,400000,400000,248.0,7,8
248,0.05851666666666666,0.050850000000000006,0.06381666666666666,10,9,7,400000,400000,249.0,7,9
249,0.06381666666666666,0.05851666666666666,0.06776666666666667,10,10,7,400000,400000,250.0,7,10
250,0.06776666666666667,0.06381666666666666,0.0691,10,11,7,400000,400000,251.0,7,11
251,0.0691,0.06776666666666667,0.06945,10,12,7,400000,400000,252.0,7,12
252,0.06945,0.0691,0.0638,10,13,7,400000,400000,253.0,7,13
253,0.0638,0.06945,0.06581666666666668,10,14,7,400000,400000,254.0,7,14
254,0.06581666666666668,0.0638,0.07005000000000002,10,15,7,400000,400000,255.0,7,15
255,0.07005000000000002,0.06581666666666668,0.06823333333333333,10,16,7,400000,400000,256.0,7,16
256,0.06823333333333333,0.07005000000000002,0.05883333333333333,10,17,7,400000,400000,257.0,7,17
257,0.05883333333333333,0.06823333333333333,0.04538333333333333,10,18,7,400000,400000,258.0,7,18
258,0.04538333333333333,0.05883333333333333,0.0408,10,19,7,400000,400000,259.0,7,19
259,0.0408,0.04538333333333333,0.042866666666666664,10,20,7,400000,400000,260.0,7,20
260,0.042866666666666664,0.0408,0.037149999999999996,10,21,7,400000,400000,261.0,7,21
261,0.037149999999999996,0.042866666666666664,0.027566666666666666,10,22,7,400000,400000,262.0,7,22
262,0.027566666666666666,0.037149999999999996,0.0239,10,23,7,400000,400000,263.0,7,23
263,0.0239,0.027566666666666666,0.021933333333333332,11,0,1,400000,400000,264.0,1,0
264,0.021933333333333332,0.0239,0.020183333333333334,11,1,1,400000,400000,265.0,1,1
265,0.020183333333333334,0.021933333333333332,0.01873333333333333,11,2,1,400000,400000,266.0,1,2
266,0.01873333333333333,0.020183333333333334,0.021083333333333332,11,3,1,400000,400000,267.0,1,3
267,0.021083333333333332,0.01873333333333333,0.02408333333333333,11,4,1,400000,400000,268.0,1,4
268,0.02408333333333333,0.021083333333333332,0.02925,11,5,1,400000,400000,269.0,1,5
269,0.02925,0.02408333333333333,0.03145,11,6,1,400000,400000,270.0,1,6
270,0.03145,0.02925,0.03838333333333333,11,7,1,400000,400000,271.0,1,7
271,0.03838333333333333,0.03145,0.04758333333333333,11,8,1,400000,400000,272.0,1,8
272,0.04758333333333333,0.03838333333333333,0.05516666666666667,11,9,1,400000,400000,273.0,1,9
273,0.05516666666666667,0.04758333333333333,0.06259999999999999,11,10,1,400000,400000,274.0,1,10
274,0.06259999999999999,0.05516666666666667,0.06401666666666665,11,11,1,400000,400000,275.0,1,11
275,0.06401666666666665,0.06259999999999999,0.06515,11,12,1,400000,400000,276.0,1,12
276,0.06515,0.06401666666666665,0.06638333333333334,11,13,1,400000,400000,277.0,1,13
277,0.06638333333333334,0.06515,0.06415,11,14,1,400000,400000,278.0,1,14
278,0.06415,0.06638333333333334,0.06630000000000001,11,15,1,400000,400000,279.0,1,15
279,0.06630000000000001,0.06415,0.06538333333333333,11,16,1,400000,400000,280.0,1,16
280,0.06538333333333333,0.06630000000000001,0.05481666666666666,11,17,1,400000,400000,281.0,1,17
281,0.05481666666666666,0.06538333333333333,0.04636666666666667,11,18,1,400000,400000,282.0,1,18
282,0.04636666666666667,0.05481666666666666,0.04058333333333334,11,19,1,400000,400000,283.0,1,19
283,0.04058333333333334,0.04636666666666667,0.036866666666666666,11,20,1,400000,400000,284.0,1,20
284,0.036866666666666666,0.04058333333333334,0.029733333333333337,11,21,1,400000,400000,285.0,1,21
285,0.029733333333333337,0.036866666666666666,0.023983333333333332,11,22,1,400000,400000,286.0,1,22
286,0.023983333333333332,0.029733333333333337,0.02145,11,23,1,400000,400000,287.0,1,23
287,0.02145,0.023983333333333332,0.0192,12,0,2,400000,400000,288.0,2,0
288,0.0192,0.02145,0.02093333333333333,12,1,2,400000,400000,289.0,2,1
289,0.02093333333333333,0.0192,0.025250000000000005,12,2,2,400000,400000,290.0,2,2
290,0.025250000000000005,0.02093333333333333,0.031766666666666665,12,3,2,400000,400000,291.0,2,3
291,0.031766666666666665,0.025250000000000005,0.05461666666666667,12,4,2,400000,400000,292.0,2,4
292,0.05461666666666667,0.031766666666666665,0.13791666666666666,12,5,2,400000,400000,293.0,2,5
293,0.13791666666666666,0.05461666666666667,0.10816666666666667,12,6,2,400000,400000,294.0,2,6
294,0.10816666666666667,0.13791666666666666,0.063,12,7,2,400000,400000,295.0,2,7
295,0.063,0.10816666666666667,0.06079999999999999,12,8,2,400000,400000,296.0,2,8
296,0.06079999999999999,0.063,0.06210000000000001,12,9,2,400000,400000,297.0,2,9
297,0.06210000000000001,0.06079999999999999,0.06171666666666666,12,10,2,400000,400000,298.0,2,10
298,0.06171666666666666,0.06210000000000001,0.06361666666666667,12,11,2,400000,400000,299.0,2,11
299,0.06361666666666667,0.06171666666666666,0.06243333333333332,12,12,2,400000,400000,300.0,2,12
300,0.06243333333333332,0.06361666666666667,0.06416666666666666,12,13,2,400000,400000,301.0,2,13
301,0.06416666666666666,0.06243333333333332,0.06368333333333333,12,14,2,400000,400000,302.0,2,14
302,0.06368333333333333,0.06416666666666666,0.06286666666666667,12,15,2,400000,400000,303.0,2,15
303,0.06286666666666667,0.06368333333333333,0.059416666666666666,12,16,2,400000,400000,304.0,2,16
304,0.059416666666666666,0.06286666666666667,0.05465,12,17,2,400000,400000,305.0,2,17
305,0.05465,0.059416666666666666,0.042649999999999993,12,18,2,400000,400000,306.0,2,18
306,0.042649999999999993,0.05465,0.03778333333333333,12,19,2,400000,400000,307.0,2,19
307,0.03778333333333333,0.042649999999999993,0.034616666666666664,12,20,2,400000,400000,308.0,2,20
308,0.034616666666666664,0.03778333333333333,0.027,12,21,2,400000,400000,309.0,2,21
309,0.027,0.034616666666666664,0.02333333333333333,12,22,2,400000,400000,310.0,2,22
310,0.02333333333333333,0.027,0.02186666666666667,12,23,2,400000,400000,311.0,2,23
311,0.02186666666666667,0.02333333333333333,0.021633333333333334,13,0,3,400000,400000,312.0,3,0
312,0.021633333333333334,0.02186666666666667,0.022183333333333333,13,1,3,400000,400000,313.0,3,1
313,0.022183333333333333,0.021633333333333334,0.0256,13,2,3,400000,400000,314.0,3,2
314,0.0256,0.022183333333333333,0.03195,13,3,3,400000,400000,315.0,3,3
315,0.03195,0.0256,0.06103333333333333,13,4,3,400000,400000,316.0,3,4
316,0.06103333333333333,0.03195,0.14734999999999998,13,5,3,400000,400000,317.0,3,5
317,0.14734999999999998,0.06103333333333333,0.07258333333333335,13,6,3,400000,400000,318.0,3,6
318,0.07258333333333335,0.14734999999999998,0.06691666666666667,13,7,3,400000,400000,319.0,3,7
319,0.06691666666666667,0.07258333333333335,0.06335,13,8,3,400000,400000,320.0,3,8
320,0.06335,0.06691666666666667,0.06813333333333334,13,9,3,400000,400000,321.0,3,9
321,0.06813333333333334,0.06335,0.06543333333333334,13,10,3,400000,400000,322.0,3,10
322,0.06543333333333334,0.06813333333333334,0.06505000000000001,13,11,3,400000,400000,323.0,3,11
323,0.06505000000000001,0.06543333333333334,0.06441666666666666,13,12,3,400000,400000,324.0,3,12
324,0.06441666666666666,0.06505000000000001,0.06506666666666666,13,13,3,400000,400000,325.0,3,13
325,0.06506666666666666,0.06441666666666666,0.06408333333333333,13,14,3,400000,400000,326.0,3,14
326,0.06408333333333333,0.06506666666666666,0.06368333333333333,13,15,3,400000,400000,327.0,3,15
327,0.06368333333333333,0.06408333333333333,0.06516666666666666,13,16,3,400000,400000,328.0,3,16
328,0.06516666666666666,0.06368333333333333,0.05758333333333332,13,17,3,400000,400000,329.0,3,17
329,0.05758333333333332,0.06516666666666666,0.0452,13,18,3,400000,400000,330.0,3,18
330,0.0452,0.05758333333333332,0.037316666666666665,13,19,3,400000,400000,331.0,3,19
331,0.037316666666666665,0.0452,0.036333333333333336,13,20,3,400000,400000,332.0,3,20
332,0.036333333333333336,0.037316666666666665,0.029266666666666667,13,21,3,400000,400000,333.0,3,21
333,0.029266666666666667,0.036333333333333336,0.02261666666666667,13,22,3,400000,400000,334.0,3,22
334,0.02261666666666667,0.029266666666666667,0.022616666666666663,13,23,3,400000,400000,335.0,3,23
335,0.022616666666666663,0.02261666666666667,0.023033333333333333,14,0,4,400000,400000,336.0,4,0
336,0.023033333333333333,0.022616666666666663,0.023016666666666668,14,1,4,400000,400000,337.0,4,1
337,0.023016666666666668,0.023033333333333333,0.023216666666666667,14,2,4,400000,400000,338.0,4,2
338,0.023216666666666667,0.023016666666666668,0.032016666666666665,14,3,4,400000,400000,339.0,4,3
339,0.032016666666666665,0.023216666666666667,0.05361666666666667,14,4,4,400000,400000,340.0,4,4
340,0.05361666666666667,0.032016666666666665,0.15406666666666666,14,5,4,400000,400000,341.0,4,5
341,0.15406666666666666,0.05361666666666667,0.05756666666666666,14,6,4,400000,400000,342.0,4,6
342,0.05756666666666666,0.15406666666666666,0.06621666666666666,14,7,4,400000,400000,343.0,4,7
343,0.06621666666666666,0.05756666666666666,0.06476666666666667,14,8,4,400000,400000,344.0,4,8
344,0.06476666666666667,0.06621666666666666,0.06655,14,9,4,400000,400000,345.0,4,9
345,0.06655,0.06476666666666667,0.06713333333333334,14,10,4,400000,400000,346.0,4,10
346,0.06713333333333334,0.06655,0.06856666666666668,14,11,4,400000,400000,347.0,4,11
347,0.06856666666666668,0.06713333333333334,0.0638,14,12,4,400000,400000,348.0,4,12
348,0.0638,0.06856666666666668,0.06636666666666667,14,13,4,400000,400000,349.0,4,13
349,0.06636666666666667,0.0638,0.06433333333333333,14,14,4,400000,400000,350.0,4,14
350,0.06433333333333333,0.06636666666666667,0.06430000000000001,14,15,4,400000,400000,351.0,4,15
351,0.06430000000000001,0.06433333333333333,0.06456666666666667,14,16,4,400000,400000,352.0,4,16
352,0.06456666666666667,0.06430000000000001,0.05768333333333333,14,17,4,400000,400000,353.0,4,17
353,0.05768333333333333,0.06456666666666667,0.0436,14,18,4,400000,400000,354.0,4,18
354,0.0436,0.05768333333333333,0.03858333333333333,14,19,4,400000,400000,355.0,4,19
355,0.03858333333333333,0.0436,0.03576666666666667,14,20,4,400000,400000,356.0,4,20
356,0.03576666666666667,0.03858333333333333,0.030799999999999998,14,21,4,400000,400000,357.0,4,21
357,0.030799999999999998,0.03576666666666667,0.023916666666666666,14,22,4,400000,400000,358.0,4,22
358,0.023916666666666666,0.030799999999999998,0.021500000000000002,14,23,4,400000,400000,359.0,4,23
359,0.021500000000000002,0.023916666666666666,0.021083333333333332,15,0,5,400000,400000,360.0,5,0
360,0.021083333333333332,0.021500000000000002,0.021350000000000004,15,1,5,400000,400000,361.0,5,1
361,0.021350000000000004,0.021083333333333332,0.022933333333333333,15,2,5,400000,400000,362.0,5,2
362,0.022933333333333333,0.021350000000000004,0.032183333333333335,15,3,5,400000,400000,363.0,5,3
363,0.032183333333333335,0.022933333333333333,0.055966666666666665,15,4,5,400000,400000,364.0,5,4
364,0.055966666666666665,0.032183333333333335,0.14806666666666665,15,5,5,400000,400000,365.0,5,5
365,0.14806666666666665,0.055966666666666665,0.058949999999999995,15,6,5,400000,400000,366.0,5,6
366,0.058949999999999995,0.14806666666666665,0.06671666666666667,15,7,5,400000,400000,367.0,5,7
367,0.06671666666666667,0.058949999999999995,0.06786666666666667,15,8,5,400000,400000,368.0,5,8
368,0.06786666666666667,0.06671666666666667,0.06795,15,9,5,400000,400000,369.0,5,9
369,0.06795,0.06786666666666667,0.06508333333333334,15,10,5,400000,400000,370.0,5,10
370,0.06508333333333334,0.06795,0.06933333333333333,15,11,5,400000,400000,371.0,5,11
371,0.06933333333333333,0.06508333333333334,0.06636666666666667,15,12,5,400000,400000,372.0,5,12
372,0.06636666666666667,0.06933333333333333,0.06595,15,13,5,400000,400000,373.0,5,13
373,0.06595,0.06636666666666667,0.06606666666666666,15,14,5,400000,400000,374.0,5,14
374,0.06606666666666666,0.06595,0.06605,15,15,5,400000,400000,375.0,5,15
375,0.06605,0.06606666666666666,0.06326666666666667,15,16,5,400000,400000,376.0,5,16
376,0.06326666666666667,0.06605,0.05884999999999999,15,17,5,400000,400000,377.0,5,17
377,0.05884999999999999,0.06326666666666667,0.0463,15,18,5,400000,400000,378.0,5,18
378,0.0463,0.05884999999999999,0.040633333333333334,15,19,5,400000,400000,379.0,5,19
379,0.040633333333333334,0.0463,0.03573333333333333,15,20,5,400000,400000,380.0,5,20
380,0.03573333333333333,0.040633333333333334,0.02845,15,21,5,400000,400000,381.0,5,21
381,0.02845,0.03573333333333333,0.02415,15,22,5,400000,400000,382.0,5,22
382,0.02415,0.02845,0.02298333333333333,15,23,5,400000,400000,383.0,5,23
383,0.02298333333333333,0.02415,0.0217,16,0,6,400000,400000,384.0,6,0
384,0.0217,0.02298333333333333,0.024000000000000004,16,1,6,400000,400000,385.0,6,1
385,0.024000000000000004,0.0217,0.02323333333333333,16,2,6,400000,400000,386.0,6,2
386,0.02323333333333333,0.024000000000000004,0.030466666666666666,16,3,6,400000,400000,387.0,6,3
387,0.030466666666666666,0.02323333333333333,0.05374999999999999,16,4,6,400000,400000,388.0,6,4
388,0.05374999999999999,0.030466666666666666,0.07633333333333332,16,5,6,400000,400000,389.0,6,5
389,0.07633333333333332,0.05374999999999999,0.0649,16,6,6,400000,400000,390.0,6,6
390,0.0649,0.07633333333333332,0.07025,16,7,6,400000,400000,391.0,6,7
391,0.07025,0.0649,0.061750000000000006,16,8,6,400000,400000,392.0,6,8
392,0.061750000000000006,0.07025,0.06768333333333333,16,9,6,400000,400000,393.0,6,9
393,0.06768333333333333,0.061750000000000006,0.0671,16,10,6,400000,400000,394.0,6,10
394,0.0671,0.06768333333333333,0.07254999999999999,16,11,6,400000,400000,395.0,6,11
395,0.07254999999999999,0.0671,0.06611666666666667,16,12,6,400000,400000,396.0,6,12
396,0.06611666666666667,0.07254999999999999,0.06773333333333334,16,13,6,400000,400000,397.0,6,13
397,0.06773333333333334,0.06611666666666667,0.06708333333333333,16,14,6,400000,400000,398.0,6,14
398,0.06708333333333333,0.06773333333333334,0.06561666666666667,16,15,6,400000,400000,399.0,6,15
399,0.06561666666666667,0.06708333333333333,0.06496666666666667,16,16,6,400000,400000,400.0,6,16
400,0.06496666666666667,0.06561666666666667,0.061500000000000006,16,17,6,400000,400000,401.0,6,17
401,0.061500000000000006,0.06496666666666667,0.04775000000000001,16,18,6,400000,400000,402.0,6,18
402,0.04775000000000001,0.061500000000000006,0.04126666666666667,16,19,6,400000,400000,403.0,6,19
403,0.04126666666666667,0.04775000000000001,0.03713333333333333,16,20,6,400000,400000,404.0,6,20
404,0.03713333333333333,0.04126666666666667,0.03261666666666666,16,21,6,400000,400000,405.0,6,21
405,0.03261666666666666,0.03713333333333333,0.025916666666666668,16,22,6,400000,400000,406.0,6,22
406,0.025916666666666668,0.03261666666666666,0.02273333333333333,16,23,6,400000,400000,407.0,6,23
407,0.02273333333333333,0.025916666666666668,0.020416666666666666,17,0,7,400000,400000,408.0,7,0
408,0.020416666666666666,0.02273333333333333,0.021466666666666665,17,1,7,400000,400000,409.0,7,1
409,0.021466666666666665,0.020416666666666666,0.0203,17,2,7,400000,400000,410.0,7,2
410,0.0203,0.021466666666666665,0.022033333333333335,17,3,7,400000,400000,411.0,7,3
411,0.022033333333333335,0.0203,0.027850000000000003,17,4,7,400000,400000,412.0,7,4
412,0.027850000000000003,0.022033333333333335,0.034166666666666665,17,5,7,400000,400000,413.0,7,5
413,0.034166666666666665,0.027850000000000003,0.04125,17,6,7,400000,400000,414.0,7,6
414,0.04125,0.034166666666666665,0.050333333333333334,17,7,7,400000,400000,415.0,7,7
415,0.050333333333333334,0.04125,0.05621666666666667,17,8,7,400000,400000,416.0,7,8
416,0.05621666666666667,0.050333333333333334,0.06283333333333334,17,9,7,400000,400000,417.0,7,9
417,0.06283333333333334,0.05621666666666667,0.06648333333333332,17,10,7,400000,400000,418.0,7,10
418,0.06648333333333332,0.06283333333333334,0.0676,17,11,7,400000,400000,419.0,7,11
419,0.0676,0.06648333333333332,0.06548333333333334,17,12,7,400000,400000,420.0,7,12
420,0.06548333333333334,0.0676,0.06658333333333334,17,13,7,400000,400000,421.0,7,13
421,0.06658333333333334,0.06548333333333334,0.06896666666666668,17,14,7,400000,400000,422.0,7,14
422,0.06896666666666668,0.06658333333333334,0.06986666666666666,17,15,7,400000,400000,423.0,7,15
423,0.06986666666666666,0.06896666666666668,0.06603333333333333,17,16,7,400000,400000,424.0,7,16
424,0.06603333333333333,0.06986666666666666,0.06393333333333333,17,17,7,400000,400000,425.0,7,17
425,0.06393333333333333,0.06603333333333333,0.0501,17,18,7,400000,400000,426.0,7,18
426,0.0501,0.06393333333333333,0.04291666666666666,17,19,7,400000,400000,427.0,7,19
427,0.04291666666666666,0.0501,0.04123333333333333,17,20,7,400000,400000,428.0,7,20
428,0.04123333333333333,0.04291666666666666,0.0358,17,21,7,400000,400000,429.0,7,21
429,0.0358,0.04123333333333333,0.029233333333333333,17,22,7,400000,400000,430.0,7,22
430,0.029233333333333333,0.0358,0.022933333333333333,17,23,7,400000,400000,431.0,7,23
431,0.022933333333333333,0.029233333333333333,0.021966666666666666,18,0,1,400000,400000,432.0,1,0
432,0.021966666666666666,0.022933333333333333,0.019333333333333338,18,1,1,400000,400000,433.0,1,1
433,0.019333333333333338,0.021966666666666666,0.01863333333333333,18,2,1,400000,400000,434.0,1,2
434,0.01863333333333333,0.019333333333333338,0.0195,18,3,1,400000,400000,435.0,1,3
435,0.0195,0.01863333333333333,0.023216666666666667,18,4,1,400000,400000,436.0,1,4
436,0.023216666666666667,0.0195,0.028033333333333337,18,5,1,400000,400000,437.0,1,5
437,0.028033333333333337,0.023216666666666667,0.03186666666666667,18,6,1,400000,400000,438.0,1,6
438,0.03186666666666667,0.028033333333333337,0.0383,18,7,1,400000,400000,439.0,1,7
439,0.0383,0.03186666666666667,0.0458,18,8,1,400000,400000,440.0,1,8
440,0.0458,0.0383,0.0549,18,9,1,400000,400000,441.0,1,9
441,0.0549,0.0458,0.06603333333333333,18,10,1,400000,400000,442.0,1,10
442,0.06603333333333333,0.0549,0.06766666666666667,18,11,1,400000,400000,443.0,1,11
443,0.06766666666666667,0.06603333333333333,0.06443333333333333,18,12,1,400000,400000,444.0,1,12
444,0.06443333333333333,0.06766666666666667,0.06258333333333334,18,13,1,400000,400000,445.0,1,13
445,0.06258333333333334,0.06443333333333333,0.0637,18,14,1,400000,400000,446.0,1,14
446,0.0637,0.06258333333333334,0.06695,18,15,1,400000,400000,447.0,1,15
447,0.06695,0.0637,0.06296666666666667,18,16,1,400000,400000,448.0,1,16
448,0.06296666666666667,0.06695,0.054733333333333335,18,17,1,400000,400000,449.0,1,17
449,0.054733333333333335,0.06296666666666667,0.04856666666666667,18,18,1,400000,400000,450.0,1,18
450,0.04856666666666667,0.054733333333333335,0.043833333333333335,18,19,1,400000,400000,451.0,1,19
451,0.043833333333333335,0.04856666666666667,0.03826666666666667,18,20,1,400000,400000,452.0,1,20
452,0.03826666666666667,0.043833333333333335,0.029833333333333333,18,21,1,400000,400000,453.0,1,21
453,0.029833333333333333,0.03826666666666667,0.021650000000000003,18,22,1,400000,400000,454.0,1,22
454,0.021650000000000003,0.029833333333333333,0.021033333333333334,18,23,1,400000,400000,455.0,1,23
455,0.021033333333333334,0.021650000000000003,0.020766666666666666,19,0,3,400000,400000,456.0,3,0
456,0.020766666666666666,0.021033333333333334,0.022716666666666663,19,1,3,400000,400000,457.0,3,1
457,0.022716666666666663,0.020766666666666666,0.0231,19,2,3,400000,400000,458.0,3,2
458,0.0231,0.022716666666666663,0.03203333333333333,19,3,3,400000,400000,459.0,3,3
459,0.03203333333333333,0.0231,0.05761666666666668,19,4,3,400000,400000,460.0,3,4
460,0.05761666666666668,0.03203333333333333,0.17645,19,5,3,400000,400000,461.0,3,5
461,0.17645,0.05761666666666668,0.35241666666666666,19,6,3,400000,400000,462.0,3,6
462,0.35241666666666666,0.17645,0.30183333333333334,19,7,3,400000,400000,463.0,3,7
463,0.30183333333333334,0.35241666666666666,0.19853333333333334,19,8,3,400000,400000,464.0,3,8
464,0.19853333333333334,0.30183333333333334,0.06496666666666666,19,9,3,400000,400000,465.0,3,9
465,0.06496666666666666,0.19853333333333334,0.0674,19,10,3,400000,400000,466.0,3,10
466,0.0674,0.06496666666666666,0.06763333333333334,19,11,3,400000,400000,467.0,3,11
467,0.06763333333333334,0.0674,0.0664,19,12,3,400000,400000,468.0,3,12
468,0.0664,0.06763333333333334,0.0633,19,13,3,400000,400000,469.0,3,13
469,0.0633,0.0664,0.06835000000000001,19,14,3,400000,400000,470.0,3,14
470,0.06835000000000001,0.0633,0.06618333333333333,19,15,3,400000,400000,471.0,3,15
471,0.06618333333333333,0.06835000000000001,0.06351666666666667,19,16,3,400000,400000,472.0,3,16
472,0.06351666666666667,0.06618333333333333,0.054433333333333334,19,17,3,400000,400000,473.0,3,17
473,0.054433333333333334,0.06351666666666667,0.04263333333333333,19,18,3,400000,400000,474.0,3,18
474,0.04263333333333333,0.054433333333333334,0.03953333333333333,19,19,3,400000,400000,475.0,3,19
475,0.03953333333333333,0.04263333333333333,0.032683333333333335,19,20,3,400000,400000,476.0,3,20
476,0.032683333333333335,0.03953333333333333,0.02925,19,21,3,400000,400000,477.0,3,21
477,0.02925,0.032683333333333335,0.021633333333333334,19,22,3,400000,400000,478.0,3,22
478,0.021633333333333334,0.02925,0.021966666666666666,19,23,3,400000,400000,479.0,3,23
479,0.021966666666666666,0.021633333333333334,0.022000000000000002,20,0,4,400000,400000,480.0,4,0
480,0.022000000000000002,0.021966666666666666,0.02161666666666667,20,1,4,400000,400000,481.0,4,1
481,0.02161666666666667,0.022000000000000002,0.023733333333333332,20,2,4,400000,400000,482.0,4,2
482,0.023733333333333332,0.02161666666666667,0.033016666666666666,20,3,4,400000,400000,483.0,4,3
483,0.033016666666666666,0.023733333333333332,0.057916666666666665,20,4,4,400000,400000,484.0,4,4
484,0.057916666666666665,0.033016666666666666,0.1503,20,5,4,400000,400000,485.0,4,5
485,0.1503,0.057916666666666665,0.14913333333333334,20,6,4,400000,400000,486.0,4,6
486,0.14913333333333334,0.1503,0.062433333333333334,20,7,4,400000,400000,487.0,4,7
487,0.062433333333333334,0.14913333333333334,0.06318333333333333,20,8,4,400000,400000,488.0,4,8
488,0.06318333333333333,0.062433333333333334,0.06835,20,9,4,400000,400000,489.0,4,9
489,0.06835,0.06318333333333333,0.06491666666666666,20,10,4,400000,400000,490.0,4,10
490,0.06491666666666666,0.06835,0.06841666666666667,20,11,4,400000,400000,491.0,4,11
491,0.06841666666666667,0.06491666666666666,0.06376666666666667,20,12,4,400000,400000,492.0,4,12
492,0.06376666666666667,0.06841666666666667,0.06698333333333334,20,13,4,400000,400000,493.0,4,13
493,0.06698333333333334,0.06376666666666667,0.06266666666666666,20,14,4,400000,400000,494.0,4,14
494,0.06266666666666666,0.06698333333333334,0.06556666666666668,20,15,4,400000,400000,495.0,4,15
495,0.06556666666666668,0.06266666666666666,0.06756666666666666,20,16,4,400000,400000,496.0,4,16
496,0.06756666666666666,0.06556666666666668,0.05861666666666667,20,17,4,400000,400000,497.0,4,17
497,0.05861666666666667,0.06756666666666666,0.0451,20,18,4,400000,400000,498.0,4,18
498,0.0451,0.05861666666666667,0.035366666666666664,20,19,4,400000,400000,499.0,4,19
499,0.035366666666666664,0.0451,0.03811666666666667,20,20,4,400000,400000,500.0,4,20
500,0.03811666666666667,0.035366666666666664,0.0287,20,21,4,400000,400000,501.0,4,21
501,0.0287,0.03811666666666667,0.024033333333333334,20,22,4,400000,400000,502.0,4,22
502,0.024033333333333334,0.0287,0.018233333333333334,20,23,4,400000,400000,503.0,4,23
503,0.018233333333333334,0.024033333333333334,0.0234,21,0,5,400000,400000,504.0,5,0
504,0.0234,0.018233333333333334,0.022016666666666667,21,1,5,400000,400000,505.0,5,1
505,0.022016666666666667,0.0234,0.024783333333333338,21,2,5,400000,400000,506.0,5,2
506,0.024783333333333338,0.022016666666666667,0.030483333333333335,21,3,5,400000,400000,507.0,5,3
507,0.030483333333333335,0.024783333333333338,0.054150000000000004,21,4,5,400000,400000,508.0,5,4
508,0.054150000000000004,0.030483333333333335,0.16148333333333334,21,5,5,400000,400000,509.0,5,5
509,0.16148333333333334,0.054150000000000004,0.3465500000000001,21,6,5,400000,400000,510.0,5,6
510,0.3465500000000001,0.16148333333333334,0.33054999999999995,21,7,5,400000,400000,511.0,5,7
511,0.33054999999999995,0.3465500000000001,0.22640000000000002,21,8,5,400000,400000,512.0,5,8
512,0.22640000000000002,0.33054999999999995,0.0682,21,9,5,400000,400000,513.0,5,9
513,0.0682,0.22640000000000002,0.06838333333333334,21,10,5,400000,400000,514.0,5,10
514,0.06838333333333334,0.0682,0.06514999999999999,21,11,5,400000,400000,515.0,5,11
515,0.06514999999999999,0.06838333333333334,0.06436666666666667,21,12,5,400000,400000,516.0,5,12
516,0.06436666666666667,0.06514999999999999,0.06108333333333333,21,13,5,400000,400000,517.0,5,13
517,0.06108333333333333,0.06436666666666667,0.06326666666666668,21,14,5,400000,400000,518.0,5,14
518,0.06326666666666668,0.06108333333333333,0.06543333333333333,21,15,5,400000,400000,519.0,5,15
519,0.06543333333333333,0.06326666666666668,0.0673,21,16,5,400000,400000,520.0,5,16
520,0.0673,0.06543333333333333,0.0625,21,17,5,400000,400000,521.0,5,17
521,0.0625,0.0673,0.046000000000000006,21,18,5,400000,400000,522.0,5,18
522,0.046000000000000006,0.0625,0.04178333333333333,21,19,5,400000,400000,523.0,5,19
523,0.04178333333333333,0.046000000000000006,0.03373333333333333,21,20,5,400000,400000,524.0,5,20
524,0.03373333333333333,0.04178333333333333,0.03023333333333333,21,21,5,400000,400000,525.0,5,21
525,0.03023333333333333,0.03373333333333333,0.024483333333333333,21,22,5,400000,400000,526.0,5,22
526,0.024483333333333333,0.03023333333333333,0.020916666666666667,21,23,5,400000,400000,527.0,5,23
527,0.020916666666666667,0.024483333333333333,0.022916666666666665,22,0,6,400000,400000,528.0,6,0
528,0.022916666666666665,0.020916666666666667,0.021866666666666663,22,1,6,400000,400000,529.0,6,1
529,0.021866666666666663,0.022916666666666665,0.026099999999999998,22,2,6,400000,400000,530.0,6,2
530,0.026099999999999998,0.021866666666666663,0.027950000000000003,22,3,6,400000,400000,531.0,6,3
531,0.027950000000000003,0.026099999999999998,0.0502,22,4,6,400000,400000,532.0,6,4
532,0.0502,0.027950000000000003,0.07379999999999999,22,5,6,400000,400000,533.0,6,5
533,0.07379999999999999,0.0502,0.08379999999999999,22,6,6,400000,400000,534.0,6,6
534,0.08379999999999999,0.07379999999999999,0.09311666666666668,22,7,6,400000,400000,535.0,6,7
535,0.09311666666666668,0.08379999999999999,0.06768333333333333,22,8,6,400000,400000,536.0,6,8
536,0.06768333333333333,0.09311666666666668,0.06705,22,9,6,400000,400000,537.0,6,9
537,0.06705,0.06768333333333333,0.06513333333333333,22,10,6,400000,400000,538.0,6,10
538,0.06513333333333333,0.06705,0.07435000000000001,22,11,6,400000,400000,539.0,6,11
539,0.07435000000000001,0.06513333333333333,0.07346666666666667,22,12,6,400000,400000,540.0,6,12
540,0.07346666666666667,0.07435000000000001,0.06709999999999999,22,13,6,400000,400000,541.0,6,13
541,0.06709999999999999,0.07346666666666667,0.06426666666666667,22,14,6,400000,400000,542.0,6,14
542,0.06426666666666667,0.06709999999999999,0.06443333333333334,22,15,6,400000,400000,543.0,6,15
543,0.06443333333333334,0.06426666666666667,0.06319999999999999,22,16,6,400000,400000,544.0,6,16
544,0.06319999999999999,0.06443333333333334,0.05475,22,17,6,400000,400000,545.0,6,17
545,0.05475,0.06319999999999999,0.043616666666666665,22,18,6,400000,400000,546.0,6,18
546,0.043616666666666665,0.05475,0.03925,22,19,6,400000,400000,547.0,6,19
547,0.03925,0.043616666666666665,0.03753333333333333,22,20,6,400000,400000,548.0,6,20
548,0.03753333333333333,0.03925,0.03456666666666666,22,21,6,400000,400000,549.0,6,21
549,0.03456666666666666,0.03753333333333333,0.033,22,22,6,400000,400000,550.0,6,22
550,0.033,0.03456666666666666,0.025783333333333335,22,23,6,400000,400000,551.0,6,23
551,0.025783333333333335,0.033,0.023316666666666666,23,0,7,400000,400000,552.0,7,0
552,0.023316666666666666,0.025783333333333335,0.01966666666666667,23,1,7,400000,400000,553.0,7,1
553,0.01966666666666667,0.023316666666666666,0.018933333333333333,23,2,7,400000,400000,554.0,7,2
554,0.018933333333333333,0.01966666666666667,0.02285,23,3,7,400000,400000,555.0,7,3
555,0.02285,0.018933333333333333,0.03233333333333333,23,4,7,400000,400000,556.0,7,4
556,0.03233333333333333,0.02285,0.03865,23,5,7,400000,400000,557.0,7,5
557,0.03865,0.03233333333333333,0.04516666666666667,23,6,7,400000,400000,558.0,7,6
558,0.04516666666666667,0.03865,0.05818333333333333,23,7,7,400000,400000,559.0,7,7
559,0.05818333333333333,0.04516666666666667,0.06613333333333334,23,8,7,400000,400000,560.0,7,8
560,0.06613333333333334,0.05818333333333333,0.06823333333333333,23,9,7,400000,400000,561.0,7,9
561,0.06823333333333333,0.06613333333333334,0.07218333333333332,23,10,7,400000,400000,562.0,7,10
562,0.07218333333333332,0.06823333333333333,0.0735,23,11,7,400000,400000,563.0,7,11
563,0.0735,0.07218333333333332,0.06984999999999998,23,12,7,400000,400000,564.0,7,12
564,0.06984999999999998,0.0735,0.06605,23,13,7,400000,400000,565.0,7,13
565,0.06605,0.06984999999999998,0.06373333333333332,23,14,7,400000,400000,566.0,7,14
566,0.06373333333333332,0.06605,0.062150000000000004,23,15,7,400000,400000,567.0,7,15
567,0.062150000000000004,0.06373333333333332,0.06683333333333334,23,16,7,400000,400000,568.0,7,16
568,0.06683333333333334,0.062150000000000004,0.05626666666666666,23,17,7,400000,400000,569.0,7,17
569,0.05626666666666666,0.06683333333333334,0.04313333333333333,23,18,7,400000,400000,570.0,7,18
570,0.04313333333333333,0.05626666666666666,0.03933333333333333,23,19,7,400000,400000,571.0,7,19
571,0.03933333333333333,0.04313333333333333,0.037899999999999996,23,20,7,400000,400000,572.0,7,20
572,0.037899999999999996,0.03933333333333333,0.035333333333333335,23,21,7,400000,400000,573.0,7,21
573,0.035333333333333335,0.037899999999999996,0.028633333333333334,23,22,7,400000,400000,574.0,7,22
574,0.028633333333333334,0.035333333333333335,0.025750000000000006,23,23,7,400000,400000,575.0,7,23
575,0.025750000000000006,0.028633333333333334,0.021266666666666666,24,0,1,400000,400000,576.0,1,0
576,0.021266666666666666,0.025750000000000006,0.019283333333333333,24,1,1,400000,400000,577.0,1,1
577,0.019283333333333333,0.021266666666666666,0.01925,24,2,1,400000,400000,578.0,1,2
578,0.01925,0.019283333333333333,0.02025,24,3,1,400000,400000,579.0,1,3
579,0.02025,0.01925,0.023016666666666668,24,4,1,400000,400000,580.0,1,4
580,0.023016666666666668,0.02025,0.029449999999999994,24,5,1,400000,400000,581.0,1,5
581,0.029449999999999994,0.023016666666666668,0.030383333333333335,24,6,1,400000,400000,582.0,1,6
582,0.030383333333333335,0.029449999999999994,0.036699999999999997,24,7,1,400000,400000,583.0,1,7
583,0.036699999999999997,0.030383333333333335,0.04538333333333333,24,8,1,400000,400000,584.0,1,8
584,0.04538333333333333,0.036699999999999997,0.05475,24,9,1,400000,400000,585.0,1,9
585,0.05475,0.04538333333333333,0.05745,24,10,1,400000,400000,586.0,1,10
586,0.05745,0.05475,0.06236666666666666,24,11,1,400000,400000,587.0,1,11
587,0.06236666666666666,0.05745,0.06775,24,12,1,400000,400000,588.0,1,12
588,0.06775,0.06236666666666666,0.06796666666666668,24,13,1,400000,400000,589.0,1,13
589,0.06796666666666668,0.06775,0.06395,24,14,1,400000,400000,590.0,1,14
590,0.06395,0.06796666666666668,0.06581666666666668,24,15,1,400000,400000,591.0,1,15
591,0.06581666666666668,0.06395,0.05993333333333334,24,16,1,400000,400000,592.0,1,16
592,0.05993333333333334,0.06581666666666668,0.056816666666666675,24,17,1,400000,400000,593.0,1,17
593,0.056816666666666675,0.05993333333333334,0.04566666666666667,24,18,1,400000,400000,594.0,1,18
594,0.04566666666666667,0.056816666666666675,0.037950000000000005,24,19,1,400000,400000,595.0,1,19
595,0.037950000000000005,0.04566666666666667,0.03456666666666666,24,20,1,400000,400000,596.0,1,20
596,0.03456666666666666,0.037950000000000005,0.02795,24,21,1,400000,400000,597.0,1,21
597,0.02795,0.03456666666666666,0.023433333333333334,24,22,1,400000,400000,598.0,1,22
598,0.023433333333333334,0.02795,0.02,24,23,1,400000,400000,599.0,1,23
599,0.02,0.023433333333333334,0.01883333333333333,25,0,2,400000,400000,600.0,2,0
600,0.01883333333333333,0.02,0.021916666666666668,25,1,2,400000,400000,601.0,2,1
601,0.021916666666666668,0.01883333333333333,0.024066666666666667,25,2,2,400000,400000,602.0,2,2
602,0.024066666666666667,0.021916666666666668,0.029800000000000004,25,3,2,400000,400000,603.0,2,3
603,0.029800000000000004,0.024066666666666667,0.05596666666666667,25,4,2,400000,400000,604.0,2,4
604,0.05596666666666667,0.029800000000000004,0.13383333333333333,25,5,2,400000,400000,605.0,2,5
605,0.13383333333333333,0.05596666666666667,0.0858,25,6,2,400000,400000,606.0,2,6
606,0.0858,0.13383333333333333,0.059533333333333334,25,7,2,400000,400000,607.0,2,7
607,0.059533333333333334,0.0858,0.0615,25,8,2,400000,400000,608.0,2,8
608,0.0615,0.059533333333333334,0.06221666666666666,25,9,2,400000,400000,609.0,2,9
609,0.06221666666666666,0.0615,0.062299999999999994,25,10,2,400000,400000,610.0,2,10
610,0.062299999999999994,0.06221666666666666,0.06396666666666666,25,11,2,400000,400000,611.0,2,11
611,0.06396666666666666,0.062299999999999994,0.06298333333333332,25,12,2,400000,400000,612.0,2,12
612,0.06298333333333332,0.06396666666666666,0.06468333333333333,25,13,2,400000,400000,613.0,2,13
613,0.06468333333333333,0.06298333333333332,0.06216666666666667,25,14,2,400000,400000,614.0,2,14
614,0.06216666666666667,0.06468333333333333,0.06301666666666667,25,15,2,400000,400000,615.0,2,15
615,0.06301666666666667,0.06216666666666667,0.06126666666666667,25,16,2,400000,400000,616.0,2,16
616,0.06126666666666667,0.06301666666666667,0.05581666666666666,25,17,2,400000,400000,617.0,2,17
617,0.05581666666666666,0.06126666666666667,0.043816666666666663,25,18,2,400000,400000,618.0,2,18
618,0.043816666666666663,0.05581666666666666,0.038016666666666664,25,19,2,400000,400000,619.0,2,19
619,0.038016666666666664,0.043816666666666663,0.032733333333333337,25,20,2,400000,400000,620.0,2,20
620,0.032733333333333337,0.038016666666666664,0.0273,25,21,2,400000,400000,621.0,2,21
621,0.0273,0.032733333333333337,0.021966666666666673,25,22,2,400000,400000,622.0,2,22
622,0.021966666666666673,0.0273,0.022533333333333332,25,23,2,400000,400000,623.0,2,23
623,0.022533333333333332,0.021966666666666673,0.021166666666666667,26,0,3,400000,400000,624.0,3,0
624,0.021166666666666667,0.022533333333333332,0.020133333333333333,26,1,3,400000,400000,625.0,3,1
625,0.020133333333333333,0.021166666666666667,0.02575,26,2,3,400000,400000,626.0,3,2
626,0.02575,0.020133333333333333,0.030766666666666668,26,3,3,400000,400000,627.0,3,3
627,0.030766666666666668,0.02575,0.05745,26,4,3,400000,400000,628.0,3,4
628,0.05745,0.030766666666666668,0.16698333333333334,26,5,3,400000,400000,629.0,3,5
629,0.16698333333333334,0.05745,0.0617,26,6,3,400000,400000,630.0,3,6
630,0.0617,0.16698333333333334,0.06331666666666667,26,7,3,400000,400000,631.0,3,7
631,0.06331666666666667,0.0617,0.06601666666666665,26,8,3,400000,400000,632.0,3,8
632,0.06601666666666665,0.06331666666666667,0.06446666666666667,26,9,3,400000,400000,633.0,3,9
633,0.06446666666666667,0.06601666666666665,0.06486666666666667,26,10,3,400000,400000,634.0,3,10
634,0.06486666666666667,0.06446666666666667,0.06488333333333333,26,11,3,400000,400000,635.0,3,11
635,0.06488333333333333,0.06486666666666667,0.05426666666666668,26,12,3,400000,400000,636.0,3,12
636,0.05426666666666668,0.06488333333333333,0.06061666666666667,26,13,3,400000,400000,637.0,3,13
637,0.06061666666666667,0.05426666666666668,0.06506666666666668,26,14,3,400000,400000,638.0,3,14
638,0.06506666666666668,0.06061666666666667,0.058883333333333336,26,15,3,400000,400000,639.0,3,15
639,0.058883333333333336,0.06506666666666668,0.061450000000000005,26,16,3,400000,400000,640.0,3,16
640,0.061450000000000005,0.058883333333333336,0.05983333333333334,26,17,3,400000,400000,641.0,3,17
641,0.05983333333333334,0.061450000000000005,0.042416666666666665,26,18,3,400000,400000,642.0,3,18
642,0.042416666666666665,0.05983333333333334,0.03563333333333333,26,19,3,400000,400000,643.0,3,19
643,0.03563333333333333,0.042416666666666665,0.03431666666666666,26,20,3,400000,400000,644.0,3,20
644,0.03431666666666666,0.03563333333333333,0.028266666666666673,26,21,3,400000,400000,645.0,3,21
645,0.028266666666666673,0.03431666666666666,0.022966666666666666,26,22,3,400000,400000,646.0,3,22
646,0.022966666666666666,0.028266666666666673,0.017266666666666666,26,23,3,400000,400000,647.0,3,23
647,0.017266666666666666,0.022966666666666666,0.008516666666666667,27,0,4,400000,400000,648.0,4,0
648,0.008516666666666667,0.017266666666666666,0.007799999999999999,27,1,4,400000,400000,649.0,4,1
649,0.007799999999999999,0.008516666666666667,0.008833333333333334,27,2,4,400000,400000,650.0,4,2
650,0.008833333333333334,0.007799999999999999,0.015233333333333333,27,3,4,400000,400000,651.0,4,3
651,0.015233333333333333,0.008833333333333334,0.035633333333333336,27,4,4,400000,400000,652.0,4,4
652,0.035633333333333336,0.015233333333333333,0.12046666666666667,27,5,4,400000,400000,653.0,4,5
653,0.12046666666666667,0.035633333333333336,0.06323333333333334,27,6,4,400000,400000,654.0,4,6
654,0.06323333333333334,0.12046666666666667,0.06401666666666667,27,7,4,400000,400000,655.0,4,7
655,0.06401666666666667,0.06323333333333334,0.06874999999999999,27,8,4,400000,400000,656.0,4,8
656,0.06874999999999999,0.06401666666666667,0.06709999999999999,27,9,4,400000,400000,657.0,4,9
657,0.06709999999999999,0.06874999999999999,0.06448333333333335,27,10,4,400000,400000,658.0,4,10
658,0.06448333333333335,0.06709999999999999,0.06838333333333334,27,11,4,400000,400000,659.0,4,11
659,0.06838333333333334,0.06448333333333335,0.06513333333333332,27,12,4,400000,400000,660.0,4,12
660,0.06513333333333332,0.06838333333333334,0.06586666666666667,27,13,4,400000,400000,661.0,4,13
661,0.06586666666666667,0.06513333333333332,0.061883333333333325,27,14,4,400000,400000,662.0,4,14
662,0.061883333333333325,0.06586666666666667,0.0642,27,15,4,400000,400000,663.0,4,15
663,0.0642,0.061883333333333325,0.06411666666666667,27,16,4,400000,400000,664.0,4,16
664,0.06411666666666667,0.0642,0.055766666666666666,27,17,4,400000,400000,665.0,4,17
665,0.055766666666666666,0.06411666666666667,0.04601666666666666,27,18,4,400000,400000,666.0,4,18
666,0.04601666666666666,0.055766666666666666,0.03835,27,19,4,400000,400000,667.0,4,19
667,0.03835,0.04601666666666666,0.03546666666666667,27,20,4,400000,400000,668.0,4,20
668,0.03546666666666667,0.03835,0.03078333333333334,27,21,4,400000,400000,669.0,4,21
669,0.03078333333333334,0.03546666666666667,0.025233333333333333,27,22,4,400000,400000,670.0,4,22
670,0.025233333333333333,0.03078333333333334,0.02263333333333334,27,23,4,400000,400000,671.0,4,23
671,0.02263333333333334,0.025233333333333333,0.022949999999999998,28,0,5,400000,400000,672.0,5,0
672,0.022949999999999998,0.02263333333333334,0.02035,28,1,5,400000,400000,673.0,5,1
673,0.02035,0.022949999999999998,0.023133333333333336,28,2,5,400000,400000,674.0,5,2
674,0.023133333333333336,0.02035,0.0301,28,3,5,400000,400000,675.0,5,3
675,0.0301,0.023133333333333336,0.05768333333333333,28,4,5,400000,400000,676.0,5,4
676,0.05768333333333333,0.0301,0.10813333333333335,28,5,5,400000,400000,677.0,5,5
677,0.10813333333333335,0.05768333333333333,0.062433333333333334,28,6,5,400000,400000,678.0,5,6
678,0.062433333333333334,0.10813333333333335,0.06588333333333334,28,7,5,400000,400000,679.0,5,7
679,0.06588333333333334,0.062433333333333334,0.06446666666666666,28,8,5,400000,400000,680.0,5,8
680,0.06446666666666666,0.06588333333333334,0.06891666666666667,28,9,5,400000,400000,681.0,5,9
681,0.06891666666666667,0.06446666666666666,0.07079999999999999,28,10,5,400000,400000,682.0,5,10
682,0.07079999999999999,0.06891666666666667,0.06571666666666666,28,11,5,400000,400000,683.0,5,11
683,0.06571666666666666,0.07079999999999999,0.06993333333333333,28,12,5,400000,400000,684.0,5,12
684,0.06993333333333333,0.06571666666666666,0.06946666666666668,28,13,5,400000,400000,685.0,5,13
685,0.06946666666666668,0.06993333333333333,0.06675000000000002,28,14,5,400000,400000,686.0,5,14
686,0.06675000000000002,0.06946666666666668,0.064,28,15,5,400000,400000,687.0,5,15
687,0.064,0.06675000000000002,0.06451666666666668,28,16,5,400000,400000,688.0,5,16
688,0.06451666666666668,0.064,0.05591666666666666,28,17,5,400000,400000,689.0,5,17
689,0.05591666666666666,0.06451666666666668,0.04281666666666667,28,18,5,400000,400000,690.0,5,18
690,0.04281666666666667,0.05591666666666666,0.03843333333333333,28,19,5,400000,400000,691.0,5,19
691,0.03843333333333333,0.04281666666666667,0.035366666666666664,28,20,5,400000,400000,692.0,5,20
692,0.035366666666666664,0.03843333333333333,0.028716666666666665,28,21,5,400000,400000,693.0,5,21
693,0.028716666666666665,0.035366666666666664,0.02338333333333333,28,22,5,400000,400000,694.0,5,22
694,0.02338333333333333,0.028716666666666665,0.022766666666666668,28,23,5,400000,400000,695.0,5,23
695,0.022766666666666668,0.02338333333333333,0.02096666666666667,29,0,6,400000,400000,696.0,6,0
696,0.02096666666666667,0.022766666666666668,0.021916666666666668,29,1,6,400000,400000,697.0,6,1
697,0.021916666666666668,0.02096666666666667,0.025633333333333338,29,2,6,400000,400000,698.0,6,2
698,0.025633333333333338,0.021916666666666668,0.028833333333333336,29,3,6,400000,400000,699.0,6,3
699,0.028833333333333336,0.025633333333333338,0.054950000000000006,29,4,6,400000,400000,700.0,6,4
700,0.054950000000000006,0.028833333333333336,0.07390000000000001,29,5,6,400000,400000,701.0,6,5
701,0.07390000000000001,0.054950000000000006,0.06593333333333333,29,6,6,400000,400000,702.0,6,6
702,0.06593333333333333,0.07390000000000001,0.06709999999999999,29,7,6,400000,400000,703.0,6,7
703,0.06709999999999999,0.06593333333333333,0.06721666666666666,29,8,6,400000,400000,704.0,6,8
704,0.06721666666666666,0.06709999999999999,0.06781666666666666,29,9,6,400000,400000,705.0,6,9
705,0.06781666666666666,0.06721666666666666,0.0685,29,10,6,400000,400000,706.0,6,10
706,0.0685,0.06781666666666666,0.06860000000000001,29,11,6,400000,400000,707.0,6,11
707,0.06860000000000001,0.0685,0.07045,29,12,6,400000,400000,708.0,6,12
